// EQ1_1

1.00054738805316	-2	0.999453840676511	1	-1.99880018635707	0.998801671167484
1.06858098157843	-2	0.946639679038182	1	-1.88404944724783	0.895899897150582
1.06135664262692	-2.00000000000000	0.938779858099451	1	-1.89438817751563	0.894517470196761
1.28419867021555e-06
1
1
21944.3508960798

// EQ1_2

1.00052258889286	-2.00000000000000	0.999478528380633	1	-1.99874396878763	0.998745601195547
1.07241554546546	-2	0.944329843700624	1	-1.88979917081949	0.900607655101736
1.06436833762197	-2	0.935768163104412	1	-1.89907947644011	0.899209089304097
1.42008618371865e-06
1
1
19940.5526632842

// EQ1_3

1.00049883883274	-2	0.999502177013642	1	-1.99868540666642	0.998687201128410
1.07648008921513	-2	0.941944940417795	1	-1.89526685339210	0.905124858216650
1.06752802649330	-2	0.932608474233074	1	-1.90357272321867	0.903702642748381
1.57152037626938e-06
1
1
18101.1631772460

// EQ1_4

1.00047610364088	-2	0.999524819919875	1	-1.99862444736334	0.998626419705476
1.08079073011079	-2	0.939484732537039	1	-1.90046718405089	0.909458348044327
1.07084298161993	-2	0.929293519106444	1	-1.90787535117889	0.908005564364528
1.70860238912297e-06
1
1
16720.1812858104

// EQ1_5

1.00045434874330	-2	0.999546490860739	1	-1.99856104471964	0.998563212256901
1.08536491025983	-2	0.936949319016073	1	-1.90541407848144	0.913614842504201
1.07432083274358	-2	0.925815667982793	1	-1.91199459642616	0.912125090751778
1.85640162751433e-06
1
1
15450.7385275202

// EQ1_6

1.00043353948358	-2	0.999567223750781	1	-1.99849516058421	0.998497542247886
1.09022152580347	-2	0.934339185537244	1	-1.91012071587194	0.917600922376491
1.07796958452943	-2	0.922166916196949	1	-1.91593749545425	0.916068258884163
2.02718338933903e-06
1
1
14202.1288133584

// EQ1_7

1.00041364134790	-2	0.999587052426309	1	-1.99842676656639	0.998429383039358
1.09538107105347	-2	0.931655261712328	1	-1.91459957417434	0.921423019586729
1.08179763498971	-2	0.918338865736663	1	-1.91971088366958	0.919841904634606
2.22245641070808e-06
1
1
12999.4997306746

// EQ1_8

1.00039462015023	-2	0.999606010454536	1	-1.99835584602329	0.998358719883897
1.10086579956726	-2	0.928898985114537	1	-1.91886246366755	0.925087407061317
1.08581379481274	-2	0.914322705913637	1	-1.92332139474304	0.923452662126755
2.44380504453996e-06
1
1
11860.3198578539



// EQ2_1

1.00100227909821	-2.00000000000000	0.999001832727079	1	-1.99780400088655	0.997808967185453
1.13823610672804	-2	0.913157190838578	1	-1.78089264916556	0.818656384645830
1.11235329413947	-2	0.888103528619603	1	-1.81472421088737	0.815138714547861
4.25894741220931e-06
1
1
5979.22677121527

// EQ2_2

1.00095682893064	-2	0.999046909916905	1	-1.99770104210608	0.997706501952266
1.14661323722199	-2	0.909979452973511	1	-1.79190608727751	0.826433680726683
1.11786308050773	-2	0.882593742251339	1	-1.82261481572032	0.823031121684744
4.69534464639273e-06
1
1
5468.22095142413

// EQ2_3

1.00091330551910	-2.00000000000000	0.999090093912673	1	-1.99759378195914	0.997599783675335
1.15556384856618	-2.00000000000000	0.906767374635789	1	-1.80237210334175	0.833936639250707
1.12364361628573	-2	0.876813206473340	1	-1.83019997794029	0.830618016442083
5.15827903653081e-06
1
1
5015.64283818185

// EQ2_4

1.00087164556997	-2	0.999131445036134	1	-1.99748212282820	0.997488719311699
1.16513571174034	-2.00000000000000	0.903530810325418	1	-1.81231871956417	0.841171346260796
1.12970820602613	-2	0.870748616732947	1	-1.83748886733712	0.837908570704191
5.63376624868028e-06
1
1
4624.92846269045

// EQ2_5

1.00083178521599	-2.00000000000000	0.999171024437070	1	-1.99736597878300	0.997373227904258
1.17538143213838	-2	0.900281319299432	1	-1.82177264780960	0.848144193506675
1.13607080806368	-2	0.864386014695389	1	-1.84449060651673	0.844911909160709
6.17783708618546e-06
1
1
4245.18009748003

// EQ2_6

1.00079366049689	-2	0.999208893592602	1	-1.99724527837936	0.997253243407593
1.18635904641655	-2	0.897032392128389	1	-1.83075932352206	0.854861814245553
1.14274606664197	-2	0.857710756117103	1	-1.85121424823659	0.851637086636845
6.79503849891407e-06
1
1
3882.63387377259

// EQ2_7

1.00075720776136	-2	0.999245113886253	1	-1.99711996784754	0.997128717903579
1.19813270892890	-2	0.893799708767633	1	-1.83930294224340	0.861331024519274
1.14974934561871	-2.00000000000000	0.850707477140365	1	-1.85766875497731	0.858093067660357
7.45939629318163e-06
1
1
3555.96220604828

// EQ2_8

1.00072236400077	-2	0.999279746256821	1	-1.99699001469479	0.996999625229299
1.21077348384082	-2	0.890601433491920	1	-1.84742649790505	0.867558769521606
1.15709676382743	-2	0.843360058931644	1	-1.86386298064822	0.864288708162893
8.14611010435075e-06
1
1
3271.96047999064



// EQ3_1

1.00221077495238	-2	0.997809132179530	1	-1.99516136496971	0.995185377194652
1.39134633986493	-2	0.870388049531004	1	-1.49188433669327	0.651546919542772
1.24792540522666	-2	0.754287234138547	1	-1.63219232077228	0.633998047262545
2.05727023545111e-05
1
1
9230.30523202697

// EQ3_2

1.00211027627887	-2	0.997907825099317	1	-1.99493413285271	0.994960529762396
1.42016512754809	-2	0.869570422582970	1	-1.51723257606781	0.664210976438816
1.26005402823596	-2	0.742158611129240	1	-1.64630348116662	0.648124819111367
2.26058149315955e-05
1
1
8518.29955563382

// EQ3_3

1.00201406155925	-2	0.998002396555274	1	-1.99469736443236	0.994726379269052
1.45163678615077	-2	0.869348748911161	1	-1.54139824085470	0.676637197331967
1.27277864849474	-2.00000000000000	0.729433990870460	1	-1.65998271046238	0.661819182007739
2.47959979362598e-05
1
1
7862.27766387417

// EQ3_4

1.00192198758327	-2	0.998092975368662	1	-1.99445083720081	0.994482725253394
1.48608339064881	-2	0.869830173270140	1	-1.56442746089939	0.688811817355399
1.28612855314640	-2	0.716084086218801	1	-1.67323452092318	0.675085653207281
2.72338740331284e-05
1
1
7235.17994671590

// EQ3_5

1.00183391021700	-2	0.998179692516790	1	-1.99419435350772	0.994229394028488
1.52387833771686	-2	0.871139654842621	1	-1.58636619719015	0.700723321031239
1.30013446849664	-2	0.702078170868564	1	-1.68606409973401	0.687929425633678
2.98621863188081e-05
1
1
6657.53079850036

// EQ3_6

1.00174968543314	-2	0.998262680004811	1	-1.99392774661958	0.993966244869847
1.56545691339719	-2	0.873423531272790	1	-1.60725997943619	0.712362282628560
1.31482863073349	-2	0.687384008631710	1	-1.69847724916431	0.700356307975513
3.27599532837150e-05
1
1
6112.00859212574

// EQ3_7

1.00166917017069	-2	0.998342069914501	1	-1.99365088762341	0.993693177047748
1.61132959335356	-2	0.876853992199796	1	-1.62715367938195	0.723721204655944
1.33024486012255	-2	0.671967779242652	1	-1.71048032783488	0.712372665888261
3.59289419036648e-05
1
1
5602.13745142736

// EQ3_8

1.00159222304592	-2	0.998417993607929	1	-1.99336369324470	0.993410137770630
1.66209893846416	-2	0.881634749763784	1	-1.64609131713538	0.734794356471107
1.34641863884809	-2	0.655794000517112	1	-1.72208019342494	0.723985364637942
3.93573879958695e-05
1
1
5130.68346840979



// EQ4_1

1.00458012894443	-2	0.995504501266311	1	-1.98999670573436	0.990098523821094
2	-1.67443198447066	0.857713030605100	1	-0.937300712183955	0.453552846923429
1.51452984296043	-2	0.494893436787222	1	-1.36249950850893	0.368919115521291
8.72063350318191e-05
1
1
1296.67693482211

// EQ4_2

1.00437093030515	-2.00000000000000	0.995706023080624	1	-1.98952545320763	0.989637369436553
2	-1.56983803611734	0.834447525701205	1	-0.985024281743277	0.466501110332966
1.53958217136886	-2	0.469841108378786	1	-1.38293839773690	0.389454305434724
9.57492291270058e-05
1
1
1264.50876337535

// EQ4_3

1.00417074364859	-2.00000000000000	0.995899223728023	1	-1.98903425450164	0.989157254569048
2	-1.46235641713689	0.812290663103035	1	-1.03117482596418	0.479774102753303
1.56586556440952	-2	0.443557715338126	1	-1.40299904669474	0.409609472946084
0.000105101976762637
1
1
1233.02592790723

// EQ4_4

1.00397925778127	-2.00000000000000	0.996084353224696	1	-1.98852262056955	0.988657783060362
2.00000000000000	-1.35210155268926	0.791357528553235	1	-1.07574290340676	0.493317158540360
1.59344051626499	-2.00000000000000	0.415982763482665	1	-1.42266942938173	0.429372535392477
0.000115336157606382
1
1
1202.34228601435

// EQ4_5

1.00379616097503	-2	0.996261667361757	1	-1.98799011026618	0.988138614691484
2.00000000000000	-1.23920866740504	0.771760917088027	1	-1.11872709822874	0.507077541147150
1.62237049378557	-2	0.387052785962079	1	-1.44193886287609	0.448732759518038
0.000126531566834703
1
1
1172.53326916719

// EQ4_6

1.00362114298184	-2	0.996431425274088	1	-1.98743634246260	0.987599477833153
2	-1.12383374102288	0.753610008489541	1	-1.16013336387408	0.521004754262513
1.65272208256544	-2	0.356701197182212	1	-1.46079799830801	0.467680752404440
0.000138776886789985
1
1
1143.64716434357

// EQ4_7

1.00345389670378	-2	0.996593887380924	1	-1.98686100986213	0.987040183795200
2	-1.00615315022213	0.737009009347361	1	-1.19997433704801	0.535050791530470
1.68456514019680	-2	0.324858139550846	1	-1.47923880391702	0.486208444448463
0.000152170308308129
1
1
1115.71414476790

// EQ4_8

1.00329411956354	-2	0.996749313652345	1	-1.98626389465931	0.986460643004873
2	-0.886362980472266	0.722055789061871	1	-1.23826863651241	0.549170326699644
1.71797295705505	-2	0.291450322692603	1	-1.49725454079341	0.504309064989077
0.000166733941646404
1
1
1089.31580537247



// EQ5_1

1.00815377173976	-2	0.992110669545035	1	-1.98224811171110	0.982565023581375
2	-0.272245354598298	0.683269849659109	1	-0.262077021482670	0.349082560752218
1.92050035135822	-2	0.109091047900558	1	-1.08834990887464	0.104452807218018
0.000271466543737399
1
1
3425.00822250853

// EQ5_2

1.00777872837942	-2	0.992461724398018	1	-1.98140803645868	0.981756315832375
2	-0.145230528610656	0.678904992370953	1	-0.324252725581111	0.354306998237367
1.96500643262167	-2	0.0645849666371079	1	-1.11166471054712	0.128112567692967
0.000297959266214250
1
1
3473.71495283854

// EQ5_3

1.00742008996566	-2	0.992798533132463	1	-1.98053197628116	0.980914675688283
2	-0.0178831856245458	0.676627770531772	1	-0.385722223008640	0.360494387202994
2	-1.98836851081884	0.0177878140574534	1	-1.13483669438740	0.151627397245965
0.000326995628660756
1
1
3542.27922330169

// EQ5_4

1.00707726408962	-2	0.993121496946159	1	-1.97961898998348	0.980039448288335
2	0.109510250153867	0.676445421674365	1	-0.446364966823782	0.367609576280414
2	-1.94110011708559	-0.0301799486314398	1	-1.15784077625748	0.174971840601642
0.000358775277282157
1
1
3677.65374221875

// EQ5_5

1.00674966105719	-2	0.993431030705803	1	-1.97866821264172	0.979130079638723
2	0.236662287705766	0.678351266753680	1	-0.506068263198426	0.375612395248340
2.00000000000000	-1.89386592077663	-0.0781130079212291	1	-1.18065261723075	0.198121198721952
0.000393520438492038
1
1
3819.75261576753

// EQ5_6

1.00643669715528	-2	0.993727558378104	1	-1.97767887607340	0.978186138699071
2	0.363287234572050	0.682324769989049	1	-0.564728052840811	0.384458240462155
2	-1.84672012085298	-0.125956362939334	1	-1.20324872152851	0.221051628191695
0.000431478597526044
1
1
3969.21184887061

// EQ5_7

1.00613779732830	-2	0.994011509135035	1	-1.97665033221697	0.977207342366654
2	0.489104025379001	0.688331819013928	1	-0.622249526626983	0.394098697507567
2	-1.79971651087982	-0.173655424207156	1	-1.22560652674397	0.243740232777494
0.000472924933571814
1
1
4126.62404675277

// EQ5_8

1.00585239734445	-2	0.994283314052103	1	-1.97558207966543	0.976193583567880
2	0.613838952404384	0.696325217860935	1	-0.678547571086687	0.404482185043649
2	-1.75290823471169	-0.221156261569638	1	-1.24770448569002	0.266165146486528
0.000518164499760339
1
1
4292.55416922833



// EQ6_1

1.02818029457427	-2	0.974750772323421	1	-1.93973462555985	0.943172419482015
1.61790739843303	2	0.879853628237191	1	1.15981547664937	0.518165299260560
2.00000000000000	-0.902075981870350	-0.938177825575127	1	-0.483530209291160	-0.430842735480963
0.00294315708042824
1
1
402.190898123981

// EQ6_2

1.02683663832076	-2	0.975828378832503	1	-1.93682159111329	0.940595881383793
1.57217350056904	2	0.875384444708591	1	1.11940078145477	0.505587148546048
2	-0.870649609418922	-0.975169409212544	1	-0.500294574980380	-0.411109613674445
0.00322743459286495
1
1
470.615166488763

// EQ6_3

1.02555627996600	-2	0.976866658353695	1	-1.93377717336207	0.937920149562551
1.53065207139669	2	0.872184445964279	1	1.07748618179326	0.493248573965287
2	-0.839949655527349	-1.01130593479469	1	-0.517392780963997	-0.390983532699930
0.00353814977369900
1
1
549.649306851642

// EQ6_4

1.02433646264940	-2	0.977866239744286	1	-1.93059706941576	0.935143860692841
1.49285480535221	2	0.870065179634464	1	1.03407531436612	0.481207570977051
2	-0.809985310456335	-1.04657658458247	1	-0.534814648688213	-0.370476473603739
0.00387752894614502
1
1
640.810891826547

// EQ6_5

1.02317450780259	-2	0.978827856755031	1	-1.92727710818271	0.932266024683210
1.45836351362373	2	0.868866134905920	1	0.989179314208601	0.469524502943675
2	-0.780763678384260	-1.08097299633781	1	-0.552548852494535	-0.349601767674556
0.00424794720200442
1
1
745.815365703210

// EQ6_6

1.02206782024339	-2	0.979752328219131	1	-1.92381330522512	0.929286093876709
1.42681802315368	2	0.868449994351244	1	0.942817333980139	0.458261723951226
2	-0.752289850127842	-1.11448917772504	1	-0.570582926170305	-0.328374088732876
0.00465196658128268
1
1
866.592724658650

// EQ6_7

1.02101389172052	-2	0.980640540772733	1	-1.92020192589894	0.926204040162453
1.39790650426522	2	0.868698829856307	1	0.895017005267311	0.447483135587534
2	-0.724566983622754	-1.14712141157821	1	-0.588903277430821	-0.306809436084288
0.00509222774363976
1
1
1005.33308105752

// EQ6_8

1.02001030315904	-2	0.981493433832307	1	-1.91643955750859	0.923020440368284
1.37135767586756	2.00000000000000	0.869511028619632	1	0.845814827355515	0.437253678419610
2.00000000000000	-0.697596390970217	-1.17886815343965	1	-0.607495210590294	-0.284925107833776
0.00557165499299905
1
1
1164.47671853552



// EQ7_1

1.07726725034302	2	0.941439203292714	1	1.76568395872170	0.808667977461204
1.10644888724958	-2	0.926331030130060	1	-1.68434390125441	0.756601859809181
2	0.0759341637076562	-1.45161067893357	1	0.0565655875130240	-0.591488697348180
0.0363936124687249
1
1
40.1308891346856

// EQ7_2

1.07327768088031	2	0.943720020642754	1	1.75402204883349	0.800998471885583
1.10076200965951	-2	0.929014081596798	1	-1.66850698371797	0.747326298344808
2	0.0728453180051778	-1.47391802934020	1	0.0587554725251297	-0.575673555699611
0.0396822743188643
1
1
47.6162972674958

// EQ7_3

1.06950676548996	2	0.945938041982966	1	1.74181937745922	0.793137724107603
1.09540451255810	-2	0.931643402283841	1	-1.65193446977726	0.737867675581585
2.00000000000000	0.0698637532446507	-1.49545060696936	1	0.0610066667853467	-0.559415644481915
0.0432398244457614
1
1
56.4831842443313

// EQ7_4

1.06594164349188	2	0.948091954408744	1	1.72905848227802	0.785095389248171
1.09035534332369	-2	0.934214685697580	1	-1.63460342408081	0.728242807825876
2	0.0669872295660320	-1.51622458787765	1	0.0633190825957426	-0.542715597041235
0.0470832718010200
1
1
66.9836194396132

// EQ7_5

1.06257025624688	2	0.950180923865642	1	1.71572257390239	0.776883318491799
1.08559493253751	-2	0.936724485165838	1	-1.61649196279677	0.718471349932362
2	0.0642134289824223	-1.53625671234636	1	0.0656924828011782	-0.525575126089468
0.0512295205963509
1
1
79.4157078799462

// EQ7_6

1.05938129690810	2	0.952204531200871	1	1.70179576099033	0.768515766150169
1.08110508121353	-2.00000000000000	0.939170108641769	1	-1.59757955997732	0.708575999414500
2	0.0615399681909304	-1.55556419236271	1	0.0681264736322988	-0.507997075391511
0.0556953975925905
1
1
94.1316835146734

// EQ7_7

1.05636416289479	2.00000000000000	0.954162715362348	1	1.68726330113138	0.760009598651877
1.07686885699178	-2	0.941549525015021	1	-1.57784738461087	0.698582690954237
2	0.0589644106731763	-1.57416462423112	1	0.0706204980709258	-0.489985467679766
0.0604973987431998
1
1
111.547838367104

// EQ7_8

1.05350891104134	2	0.956055723003781	1	1.67211187778276	0.751384501137258
1.07287049857726	-2	0.943861280707387	1	-1.55727866784754	0.688520774922834
2	0.0564842780709439	-1.59207590641932	1	0.0731738298349848	-0.471545548094420
0.0656511035327161
1
1
132.156915754058



// EQ8_1

1.01169716273369	2	0.988835200496346	1	1.96310255625900	0.964452815342729
2	-1.57929568830404	0.834161007498684	1	-0.206472300246119	0.349181552565937
2	1.35359018429729	-0.586547731938858	1	0.898071665008040	-0.0622114089531061
0.00115028314136144
1
1
5156.58520798394

// EQ8_2

1.01114975259925	2	0.989334181508125	1	1.96137585941924	0.962858301836166
2	-1.68281961801455	0.855926474727901	1	-0.143808300902155	0.347544153127311
2	1.31190370451834	-0.630077782669556	1	0.920982005078401	-0.0382878665765669
0.00126082955399650
1
1
5604.39597005452

// EQ8_3

1.01062741444426	2	0.989812473108073	1	1.95957894195994	0.961206163309473
2	-1.78339116312516	0.878720035324176	1	-0.0808501065255679	0.346976143368681
2	1.27084237134758	-0.672955039887523	1	0.943934454914226	-0.0143203521439407
0.00138138868246217
1
1
6091.60807769034

// EQ8_4

1.01012909555621	2	0.990270735488291	1	1.95771063611131	0.959496362801041
2	-1.88093155783363	0.902419817346293	1	-0.0177364831400346	0.347490989248221
2	1.23043837814697	-0.715145886489872	1	0.966902674437731	0.00966362938565213
0.00151287735961263
1
1
6621.10358028000

// EQ8_5

1.00965377225336	2	0.990709634238133	1	1.95577004394748	0.957729220271785
2	-1.97538097048948	0.926905272486785	1	0.0453926982775059	0.349095180982063
2	1.19072140907595	-0.756619325544907	1	0.989860251106252	0.0336364973834760
0.00165613885434578
1
1
7196.60466971412

// EQ8_6

1.00920045156015	2	0.991129835780765	1	1.95375659131325	0.955905470077893
1.93545480130049	-2	0.921332800230844	1	0.108397806901310	0.351788137333850
2.00000000000000	1.15171859504847	-0.797347026282874	1	1.01278082129136	0.0575707222982467
0.00181205212684534
1
1
8083.07787818046

// EQ8_7

1.00876817237935	2.00000000000000	0.991532003530811	1	1.95167008777606	0.954026323833486
1.85627145717535	-2	0.907497344713271	1	0.171140778933952	0.355562211060052
2	1.11345448795394	-0.837303351015071	1	1.03563819118092	0.0814389519050359
0.00198151983017012
1
1
9160.84863916683

// EQ8_8

1.00835600624052	2	0.991916794681873	1	1.94951079265195	0.952093538476318
1.78583296534210	-2	0.896408323748891	1	0.233486396398810	0.360402792417911
2.00000000000000	1.07595105249082	-0.876465363661421	1	1.05840645602835	0.105214135828325
0.00216553414810450
1
1
10350.6749440876